0.000000000000000000e+00 0.000000000000000000e+00
6.012024048096192320e-03 5.295608656267525305e-01
1.202404809619238464e-02 9.060023079951309288e-01
1.803607214428857783e-02 1.033445026445265258e+00
2.404809619238476928e-02 9.068622735657649869e-01
3.006012024048096073e-02 6.089555658289675932e-01
3.607214428857715566e-02 2.732745969259460783e-01
4.208416833667334711e-02 3.074825671085079648e-02
4.809619238476953856e-02 -3.730509884827408473e-02
5.410821643286573002e-02 7.872649897739486535e-02
6.012024048096192147e-02 3.255258700487523305e-01
6.613226452905811292e-02 6.185192815553339774e-01
7.214428857715431131e-02 8.795462993097288296e-01
7.815631262525049583e-02 1.063422579079660979e+00
8.416833667334669422e-02 1.164008697721809593e+00
9.018036072144287874e-02 1.201495831444827633e+00
9.619238476953907713e-02 1.201333900883737371e+00
1.022044088176352755e-01 1.177542836798503689e+00
1.082164328657314600e-01 1.128659511902849522e+00
1.142284569138276584e-01 1.046377935985152829e+00
1.202404809619238429e-01 9.297324772557981065e-01
1.262525050100200275e-01 7.951658094076727856e-01
1.322645290581162258e-01 6.758873988593803173e-01
1.382765531062124242e-01 6.103867369618966032e-01
1.442885771543086226e-01 6.260214775801377085e-01
1.503006012024048210e-01 7.260244414565734106e-01
1.563126252505009917e-01 8.861035954647203949e-01
1.623246492985971901e-01 1.061672777852808114e+00
1.683366733466933884e-01 1.201724297558727450e+00
1.743486973947895868e-01 1.263102477314256067e+00
1.803607214428857575e-01 1.220236517679060384e+00
1.863727454909819559e-01 1.068864248373005310e+00
1.923847695390781543e-01 8.254258859787388936e-01
1.983967935871743526e-01 5.246599195145125183e-01
2.044088176352705510e-01 2.162988770568526620e-01
2.104208416833667217e-01 -4.070151972783953020e-02
2.164328657314629201e-01 -1.888961202251848159e-01
2.224448897795591185e-01 -1.885255641849922781e-01
2.284569138276553169e-01 -3.531500691580309603e-02
2.344689378757514875e-01 2.279017850790535094e-01
2.404809619238476859e-01 5.141233357344623389e-01
2.464929859719438843e-01 7.136875140489079561e-01
2.525050100200400549e-01 7.301617732003251593e-01
2.585170340681362533e-01 5.182053590899426965e-01
2.645290581162324517e-01 1.072592765145644195e-01
2.705410821643286501e-01 -4.014615994293021517e-01
2.765531062124248485e-01 -8.668838618595773315e-01
2.825651302605210469e-01 -1.158352446886067311e+00
2.885771543086172453e-01 -1.204536712814372912e+00
2.945891783567134437e-01 -1.020417457356633362e+00
3.006012024048096420e-01 -7.003921883188467534e-01
3.066132264529057849e-01 -3.799971430693558916e-01
3.126252505010019833e-01 -1.825043626411886610e-01
3.186372745490981817e-01 -1.732155887020675467e-01
3.246492985971943801e-01 -3.404455300228401704e-01
3.306613226452905785e-01 -6.097255245875522478e-01
3.366733466933867769e-01 -8.825953927731932103e-01
3.426853707414829753e-01 -1.080705646131528530e+00
3.486973947895791737e-01 -1.174784393381387959e+00
3.547094188376753721e-01 -1.186606342332748421e+00
3.607214428857715149e-01 -1.165940476892191047e+00
3.667334669338677133e-01 -1.156587288478237774e+00
3.727454909819639117e-01 -1.170125076420145849e+00
3.787575150300601101e-01 -1.180915512063308581e+00
3.847695390781563085e-01 -1.144166344800478852e+00
3.907815631262525069e-01 -1.026576429439298721e+00
3.967935871743487053e-01 -8.325369140876095475e-01
4.028056112224449037e-01 -6.112081203487419456e-01
4.088176352705411021e-01 -4.396351907426117589e-01
4.148296593186372450e-01 -3.892790328846625347e-01
4.208416833667334433e-01 -4.917641231552070669e-01
4.268537074148296417e-01 -7.202118269959227881e-01
4.328657314629258401e-01 -9.952003413093446493e-01
4.388777555110220385e-01 -1.213000394863050557e+00
4.448897795591182369e-01 -1.283883500197375183e+00
4.509018036072144353e-01 -1.164503737348786094e+00
4.569138276553106337e-01 -8.719088858440537937e-01
4.629258517034068321e-01 -4.753402899178376662e-01
4.689378757515029750e-01 -7.118999475290208045e-02
4.749498997995991734e-01 2.478884585056210510e-01
4.809619238476953718e-01 4.185772854378391750e-01
4.869739478957915702e-01 4.203933170956057341e-01
4.929859719438877685e-01 2.761147028798313086e-01
4.989979959919839669e-01 4.243334604361182621e-02
5.050100200400801098e-01 -2.046435050337700179e-01
5.110220440881763082e-01 -3.863050728963319802e-01
5.170340681362725066e-01 -4.376540669417019469e-01
5.230460921843687050e-01 -3.232212391002760032e-01
5.290581162324649034e-01 -4.854084056552587789e-02
5.350701402805611018e-01 3.365258852626230590e-01
5.410821643286573002e-01 7.467738944201460782e-01
5.470941883767534986e-01 1.083684796971585707e+00
5.531062124248496970e-01 1.265644196703988644e+00
5.591182364729458953e-01 1.256277167167174191e+00
5.651302605210420937e-01 1.079241648453951763e+00
5.711422845691382921e-01 8.116829991255003485e-01
5.771543086172344905e-01 5.569521531351294685e-01
5.831663326653306889e-01 4.065277302730050391e-01
5.891783567134268873e-01 4.067259999615537858e-01
5.951903807615230857e-01 5.444826017325808953e-01
6.012024048096192841e-01 7.582839584520119081e-01
6.072144288577153715e-01 9.688205296288704416e-01
6.132264529058115698e-01 1.114681692835217675e+00
6.192384769539077682e-01 1.176135613218348475e+00
6.252505010020039666e-01 1.176117831200141239e+00
6.312625250501001650e-01 1.159143100039639940e+00
6.372745490981963634e-01 1.160176019317821883e+00
6.432865731462925618e-01 1.180720367163303530e+00
6.492985971943887602e-01 1.185665382452007144e+00
6.553106212424849586e-01 1.123464908306109900e+00
6.613226452905811570e-01 9.595378797175686536e-01
6.673346693386773554e-01 7.049447281620515593e-01
6.733466933867735538e-01 4.236813476985054616e-01
6.793587174348697522e-01 2.120317703603593618e-01
6.853707414829659506e-01 1.574881183649725624e-01
6.913827655310621489e-01 2.957686872211954254e-01
6.973947895791583473e-01 5.867764180403639562e-01
7.034068136272545457e-01 9.225033928034434005e-01
7.094188376753507441e-01 1.165469478187892705e+00
7.154308617234468315e-01 1.202125187025686603e+00
7.214428857715430299e-01 9.885002024799809384e-01
7.274549098196392283e-01 5.686007152715909507e-01
7.334669338677354267e-01 5.803592609099192390e-02
7.394789579158316251e-01 -3.996189018042634600e-01
7.454909819639278235e-01 -6.850771092117659000e-01
7.515030060120240218e-01 -7.431329128216582758e-01
7.575150300601202202e-01 -5.956951159451626676e-01
7.635270541082164186e-01 -3.260039483051291875e-01
7.695390781563126170e-01 -4.371573630493118257e-02
7.755511022044088154e-01 1.533400666721764227e-01
7.815631262525050138e-01 2.063776955447677308e-01
7.875751503006012122e-01 1.046936366564822501e-01
7.935871743486974106e-01 -1.219221512832472376e-01
7.995991983967936090e-01 -4.199175506611229625e-01
8.056112224448898074e-01 -7.293534185301574491e-01
8.116232464929860058e-01 -9.965819328671216004e-01
8.176352705410822042e-01 -1.181429836087702689e+00
8.236472945891784025e-01 -1.261052447390528464e+00
8.296593186372744899e-01 -1.232609918136544858e+00
8.356713426853706883e-01 -1.114715191915349290e+00
8.416833667334668867e-01 -9.454403609569168587e-01
8.476953907815630851e-01 -7.746103558521914012e-01
8.537074148296592835e-01 -6.506431200301155959e-01
8.597194388777554819e-01 -6.058461055919790450e-01
8.657314629258516803e-01 -6.463426729310376428e-01
8.717434869739478787e-01 -7.517621558679556948e-01
8.777555110220440771e-01 -8.855016564154447600e-01
8.837675350701402754e-01 -1.010907036690710026e+00
8.897795591182364738e-01 -1.105274692189310182e+00
8.957915831663326722e-01 -1.164438282735667851e+00
9.018036072144288706e-01 -1.195820851408025742e+00
9.078156312625250690e-01 -1.204596402110446496e+00
9.138276553106212674e-01 -1.182164324932567956e+00
9.198396793587174658e-01 -1.105556652717240462e+00
9.258517034068136642e-01 -9.504599276847200962e-01
9.318637274549098626e-01 -7.121426421080991886e-01
9.378757515030059499e-01 -4.223808717965270576e-01
9.438877755511021483e-01 -1.503714199878076196e-01
9.498997995991983467e-01 1.750765756429373959e-02
9.559118236472945451e-01 1.331540072537637509e-02
9.619238476953907435e-01 -1.767011187391597793e-01
9.679358717434869419e-01 -4.942143344279738004e-01
9.739478957915831403e-01 -8.205584517452826354e-01
9.799599198396793387e-01 -1.016962475731922000e+00
9.859719438877755371e-01 -9.784038552405674993e-01
9.919839679358717355e-01 -6.784311550855498529e-01
9.979959919839679339e-01 -1.846846720774875106e-01
1.004008016032064132e+00 3.631790417525933012e-01
1.010020040080160220e+00 8.051443124299736409e-01
1.016032064128256529e+00 1.020941855034995793e+00
1.022044088176352616e+00 9.736928250214688108e-01
1.028056112224448926e+00 7.195290210991549529e-01
1.034068136272545013e+00 3.806357792494668990e-01
1.040080160320641323e+00 9.482349575494258831e-02
1.046092184368737410e+00 -3.610466329503224381e-02
1.052104208416833719e+00 2.187499130055701319e-02
1.058116232464929807e+00 2.337374460740401505e-01
1.064128256513026116e+00 5.210487557647091039e-01
1.070140280561122204e+00 7.997173618246149474e-01
1.076152304609218513e+00 1.011808010387255319e+00
1.082164328657314600e+00 1.138804331494435385e+00
1.088176352705410910e+00 1.194321130974228762e+00
1.094188376753506997e+00 1.204363809515649697e+00
1.100200400801603084e+00 1.187922047641086332e+00
1.106212424849699394e+00 1.148268016516885481e+00
1.112224448897795481e+00 1.077874700684270604e+00
1.118236472945891791e+00 9.718213505774691008e-01
1.124248496993987878e+00 8.402190054586328172e-01
1.130260521042084187e+00 7.115031213592275527e-01
1.136272545090180275e+00 6.241521798923065356e-01
1.142284569138276584e+00 6.110129065248444125e-01
1.148296593186372672e+00 6.842881816646262383e-01
1.154308617234468981e+00 8.285409561985923599e-01
1.160320641282565068e+00 1.004613813165105229e+00
1.166332665330661378e+00 1.161945452179295568e+00
1.172344689378757465e+00 1.253389675003744319e+00
1.178356713426853775e+00 1.246814968126964907e+00
1.184368737474949862e+00 1.130765933242395382e+00
1.190380761523046171e+00 9.150027873145298862e-01
1.196392785571142259e+00 6.284768224175961704e-01
1.202404809619238568e+00 3.163881540225074174e-01
1.208416833667334656e+00 3.552318168526563680e-02
1.214428857715430743e+00 -1.546088202603527473e-01
1.220440881763527052e+00 -2.063247946569986002e-01
1.226452905811623140e+00 -1.017379972913182717e-01
1.232464929859719449e+00 1.325591039536392901e-01
1.238476953907815536e+00 4.228169063053434096e-01
1.244488977955911846e+00 6.634625302639516331e-01
1.250501002004007933e+00 7.492193935102975377e-01
1.256513026052104243e+00 6.140579217693057368e-01
1.262525050100200330e+00 2.613412538587905343e-01
1.268537074148296639e+00 -2.294244904286940612e-01
1.274549098196392727e+00 -7.254261136357136319e-01
1.280561122244489036e+00 -1.086576697278281101e+00
1.286573146292585124e+00 -1.217325004094011343e+00
1.292585170340681433e+00 -1.102874908858128666e+00
1.298597194388777520e+00 -8.140767300358026093e-01
1.304609218436873830e+00 -4.783893087903448582e-01
1.310621242484969917e+00 -2.291040504807667078e-01
1.316633266533066227e+00 -1.545575329496359229e-01
1.322645290581162314e+00 -2.687519403115540828e-01
1.328657314629258401e+00 -5.147219253848678289e-01
1.334669338677354711e+00 -7.969109729921274310e-01
1.340681362725450798e+00 -1.025938245283266603e+00
1.346693386773547108e+00 -1.154520886653419565e+00
1.352705410821643195e+00 -1.188940863640907120e+00
1.358717434869739504e+00 -1.173251978084197678e+00
1.364729458917835592e+00 -1.156908113051715814e+00
1.370741482965931901e+00 -1.163999343745307780e+00
1.376753507014027988e+00 -1.180313470148044441e+00
1.382765531062124298e+00 -1.164336225535902880e+00
1.388777555110220385e+00 -1.075441622147708332e+00
1.394789579158316695e+00 -9.035089680174996918e-01
1.400801603206412782e+00 -6.835070975928633219e-01
1.406813627254509091e+00 -4.863587806272595682e-01
1.412825651302605179e+00 -3.895225926655087045e-01
1.418837675350701488e+00 -4.410299763010174789e-01
1.424849699398797576e+00 -6.341233476935944635e-01
1.430861723446893663e+00 -9.046825247908445444e-01
1.436873747494989972e+00 -1.152996562809418979e+00
1.442885771543086060e+00 -1.280460022638480355e+00
1.448897795591182369e+00 -1.225627996577900003e+00
1.454909819639278457e+00 -9.852615513974385397e-01
1.460921843687374766e+00 -6.133495336202018366e-01
1.466933867735470853e+00 -2.006287012615518561e-01
1.472945891783567163e+00 1.557006754381896618e-01
1.478957915831663250e+00 3.803701881186236089e-01
1.484969939879759560e+00 4.379643647247603022e-01
1.490981963927855647e+00 3.374915842843264069e-01
1.496993987975951956e+00 1.257884178947232534e-01
1.503006012024048044e+00 -1.257884178947202558e-01
1.509018036072144353e+00 -3.374915842843247415e-01
1.515030060120240440e+00 -4.379643647247587479e-01
1.521042084168336750e+00 -3.803701881186211109e-01
1.527054108216432837e+00 -1.557006754381978497e-01
1.533066132264529147e+00 2.006287012615456944e-01
1.539078156312625234e+00 6.133495336201894021e-01
1.545090180360721321e+00 9.852615513974181116e-01
1.551102204408817631e+00 1.225627996577896672e+00
1.557114228456913718e+00 1.280460022638484574e+00
1.563126252505010028e+00 1.152996562809416758e+00
1.569138276553106115e+00 9.046825247908563128e-01
1.575150300601202424e+00 6.341233476935982383e-01
1.581162324649298512e+00 4.410299763010132601e-01
1.587174348697394821e+00 3.895225926655110915e-01
1.593186372745490909e+00 4.863587806272558489e-01
1.599198396793587218e+00 6.835070975928574377e-01
1.605210420841683305e+00 9.035089680175014681e-01
1.611222444889779615e+00 1.075441622147710552e+00
1.617234468937875702e+00 1.164336225535907321e+00
1.623246492985972012e+00 1.180313470148046440e+00
1.629258517034068099e+00 1.163999343745307113e+00
1.635270541082164408e+00 1.156908113051715370e+00
1.641282565130260496e+00 1.173251978084197678e+00
1.647294589178356805e+00 1.188940863640908230e+00
1.653306613226452892e+00 1.154520886653416234e+00
1.659318637274548980e+00 1.025938245283277928e+00
1.665330661322645289e+00 7.969109729921355356e-01
1.671342685370741377e+00 5.147219253848844822e-01
1.677354709418837686e+00 2.687519403115556926e-01
1.683366733466933773e+00 1.545575329496416961e-01
1.689378757515030083e+00 2.291040504807670408e-01
1.695390781563126170e+00 4.783893087903444141e-01
1.701402805611222480e+00 8.140767300357918401e-01
1.707414829659318567e+00 1.102874908858121339e+00
1.713426853707414876e+00 1.217325004094015561e+00
1.719438877755510964e+00 1.086576697278283543e+00
1.725450901803607273e+00 7.254261136357229578e-01
1.731462925851703361e+00 2.294244904286914521e-01
1.737474949899799670e+00 -2.613412538587919220e-01
1.743486973947895757e+00 -6.140579217693059588e-01
1.749498997995992067e+00 -7.492193935102965385e-01
1.755511022044088154e+00 -6.634625302639469702e-01
1.761523046092184241e+00 -4.228169063053520693e-01
1.767535070140280551e+00 -1.325591039536307414e-01
1.773547094188376638e+00 1.017379972913106945e-01
1.779559118236472948e+00 2.063247946569987112e-01
1.785571142284569035e+00 1.546088202603554396e-01
1.791583166332665344e+00 -3.552318168526520659e-02
1.797595190380761432e+00 -3.163881540225057520e-01
1.803607214428857741e+00 -6.284768224176018325e-01
1.809619238476953829e+00 -9.150027873145283319e-01
1.815631262525050138e+00 -1.130765933242394716e+00
1.821643286573146225e+00 -1.246814968126960910e+00
1.827655310621242535e+00 -1.253389675003743875e+00
1.833667334669338622e+00 -1.161945452179292460e+00
1.839679358717434932e+00 -1.004613813165109892e+00
1.845691382765531019e+00 -8.285409561985941362e-01
1.851703406813627328e+00 -6.842881816646358972e-01
1.857715430861723416e+00 -6.110129065248430802e-01
1.863727454909819725e+00 -6.241521798923026498e-01
1.869739478957915813e+00 -7.115031213592279968e-01
1.875751503006011900e+00 -8.402190054586287093e-01
1.881763527054108209e+00 -9.718213505774667693e-01
1.887775551102204297e+00 -1.077874700684260389e+00
1.893787575150300606e+00 -1.148268016516877932e+00
1.899799599198396693e+00 -1.187922047641081447e+00
1.905811623246493003e+00 -1.204363809515646810e+00
1.911823647294589090e+00 -1.194321130974226985e+00
1.917835671342685400e+00 -1.138804331494435385e+00
1.923847695390781487e+00 -1.011808010387254431e+00
1.929859719438877796e+00 -7.997173618246284921e-01
1.935871743486973884e+00 -5.210487557647152101e-01
1.941883767535070193e+00 -2.337374460740535564e-01
1.947895791583166281e+00 -2.187499130056370922e-02
1.953907815631262590e+00 3.610466329503397853e-02
1.959919839679358677e+00 -9.482349575492859950e-02
1.965931863727454987e+00 -3.806357792494462489e-01
1.971943887775551074e+00 -7.195290210991482915e-01
1.977955911823647384e+00 -9.736928250214640368e-01
1.983967935871743471e+00 -1.020941855034998014e+00
1.989979959919839558e+00 -8.051443124299967335e-01
1.995991983967935868e+00 -3.631790417526193915e-01
2.002004008016032177e+00 1.846846720774750761e-01
2.008016032064128265e+00 6.784311550855273154e-01
2.014028056112224352e+00 9.784038552405590616e-01
2.020040080160320439e+00 1.016962475731924220e+00
2.026052104208416971e+00 8.205584517452878535e-01
2.032064128256513058e+00 4.942143344279887884e-01
2.038076152304609145e+00 1.767011187391751559e-01
2.044088176352705233e+00 -1.331540072537745756e-02
2.050100200400801764e+00 -1.750765756428811909e-02
2.056112224448897852e+00 1.503714199877989044e-01
2.062124248496993939e+00 4.223808717965172321e-01
2.068136272545090026e+00 7.121426421080772062e-01
2.074148296593186558e+00 9.504599276847192080e-01
2.080160320641282645e+00 1.105556652717231358e+00
2.086172344689378733e+00 1.182164324932567956e+00
2.092184368737474820e+00 1.204596402110449382e+00
2.098196392785570907e+00 1.195820851408026853e+00
2.104208416833667439e+00 1.164438282735670072e+00
2.110220440881763526e+00 1.105274692189315289e+00
2.116232464929859614e+00 1.010907036690718019e+00
2.122244488977955701e+00 8.855016564154478687e-01
2.128256513026052232e+00 7.517621558679539184e-01
2.134268537074148320e+00 6.463426729310383090e-01
2.140280561122244407e+00 6.058461055919808214e-01
2.146292585170340494e+00 6.506431200301043827e-01
2.152304609218437026e+00 7.746103558521867383e-01
2.158316633266533113e+00 9.454403609569106415e-01
2.164328657314629201e+00 1.114715191915344183e+00
2.170340681362725288e+00 1.232609918136541083e+00
2.176352705410821819e+00 1.261052447390524023e+00
2.182364729458917907e+00 1.181429836087702245e+00
2.188376753507013994e+00 9.965819328671303712e-01
2.194388777555110082e+00 7.293534185301595585e-01
2.200400801603206169e+00 4.199175506611464437e-01
2.206412825651302700e+00 1.219221512832449617e-01
2.212424849699398788e+00 -1.046936366564800158e-01
2.218436873747494875e+00 -2.063776955447660932e-01
2.224448897795590963e+00 -1.533400666721917438e-01
2.230460921843687494e+00 4.371573630492586737e-02
2.236472945891783581e+00 3.260039483051314635e-01
2.242484969939879669e+00 5.956951159451542299e-01
2.248496993987975756e+00 7.431329128216538349e-01
2.254509018036072288e+00 6.850771092117649008e-01
2.260521042084168375e+00 3.996189018042713426e-01
2.266533066132264462e+00 -5.803592609096396016e-02
2.272545090180360550e+00 -5.686007152715598645e-01
2.278557114228457081e+00 -9.885002024799858233e-01
2.284569138276553169e+00 -1.202125187025687936e+00
2.290581162324649256e+00 -1.165469478187897590e+00
2.296593186372745343e+00 -9.225033928034561681e-01
2.302605210420841875e+00 -5.867764180403567398e-01
2.308617234468937962e+00 -2.957686872211997553e-01
2.314629258517034049e+00 -1.574881183649685656e-01
2.320641282565130137e+00 -2.120317703603543658e-01
2.326653306613226224e+00 -4.236813476984846449e-01
2.332665330661322756e+00 -7.049447281620502270e-01
2.338677354709418843e+00 -9.595378797175612151e-01
2.344689378757514930e+00 -1.123464908306110566e+00
2.350701402805611018e+00 -1.185665382452005590e+00
2.356713426853707549e+00 -1.180720367163309747e+00
2.362725450901803637e+00 -1.160176019317821217e+00
2.368737474949899724e+00 -1.159143100039639718e+00
2.374749498997995811e+00 -1.176117831200145902e+00
2.380761523046092343e+00 -1.176135613218357578e+00
2.386773547094188430e+00 -1.114681692835210791e+00
2.392785571142284518e+00 -9.688205296288726620e-01
2.398797595190380605e+00 -7.582839584520190135e-01
2.404809619238477136e+00 -5.444826017325753442e-01
2.410821643286573224e+00 -4.067259999615526755e-01
2.416833667334669311e+00 -4.065277302729944364e-01
2.422845691382765398e+00 -5.569521531351250276e-01
2.428857715430861486e+00 -8.116829991254878029e-01
2.434869739478958017e+00 -1.079241648453962643e+00
2.440881763527054105e+00 -1.256277167167171971e+00
2.446893787575150192e+00 -1.265644196703993973e+00
2.452905811623246279e+00 -1.083684796971595476e+00
2.458917835671342811e+00 -7.467738944201454121e-01
2.464929859719438898e+00 -3.365258852626186736e-01
2.470941883767534986e+00 4.854084056550878046e-02
2.476953907815631073e+00 3.232212391002662888e-01
2.482965931863727604e+00 4.376540669417046114e-01
2.488977955911823692e+00 3.863050728963365876e-01
2.494989979959919779e+00 2.046435050337658268e-01
2.501002004008015867e+00 -4.243334604360866208e-02
2.507014028056112398e+00 -2.761147028798333625e-01
2.513026052104208485e+00 -4.203933170956070664e-01
2.519038076152304573e+00 -4.185772854378412844e-01
2.525050100200400660e+00 -2.478884585056348455e-01
2.531062124248496747e+00 7.118999475289120027e-02
2.537074148296593279e+00 4.753402899178459373e-01
2.543086172344689366e+00 8.719088858440580125e-01
2.549098196392785454e+00 1.164503737348767887e+00
2.555110220440881541e+00 1.283883500197370520e+00
2.561122244488978072e+00 1.213000394863059883e+00
2.567134268537074160e+00 9.952003413093531980e-01
2.573146292585170247e+00 7.202118269959383312e-01
2.579158316633266335e+00 4.917641231552220549e-01
2.585170340681362866e+00 3.892790328846629788e-01
2.591182364729458953e+00 4.396351907426135908e-01
2.597194388777555041e+00 6.112081203487279568e-01
2.603206412825651128e+00 8.325369140875971130e-01
2.609218436873747660e+00 1.026576429439297611e+00
2.615230460921843747e+00 1.144166344800480184e+00
2.621242484969939834e+00 1.180915512063305917e+00
2.627254509018035922e+00 1.170125076420146515e+00
2.633266533066132453e+00 1.156587288478239106e+00
2.639278557114228541e+00 1.165940476892190603e+00
2.645290581162324628e+00 1.186606342332742425e+00
2.651302605210420715e+00 1.174784393381390402e+00
2.657314629258516803e+00 1.080705646131546072e+00
2.663326653306613334e+00 8.825953927732002047e-01
2.669338677354709422e+00 6.097255245875645713e-01
2.675350701402805509e+00 3.404455300228522718e-01
2.681362725450901596e+00 1.732155887020779828e-01
2.687374749498998128e+00 1.825043626411896325e-01
2.693386773547094215e+00 3.799971430693445118e-01
2.699398797595190302e+00 7.003921883188225506e-01
2.705410821643286390e+00 1.020417457356620039e+00
2.711422845691382921e+00 1.204536712814368027e+00
2.717434869739479009e+00 1.158352446886070197e+00
2.723446893787575096e+00 8.668838618595924306e-01
2.729458917835671183e+00 4.014615994293457835e-01
2.735470941883767715e+00 -1.072592765145626709e-01
2.741482965931863802e+00 -5.182053590899378115e-01
2.747494989979959890e+00 -7.301617732003188310e-01
2.753507014028055977e+00 -7.136875140489113978e-01
2.759519038076152064e+00 -5.141233357344785482e-01
2.765531062124248596e+00 -2.279017850790586719e-01
2.771543086172344683e+00 3.531500691579706613e-02
2.777555110220440771e+00 1.885255641849812591e-01
2.783567134268536858e+00 1.888961202251943083e-01
2.789579158316633389e+00 4.070151972783739303e-02
2.795591182364729477e+00 -2.162988770568392560e-01
2.801603206412825564e+00 -5.246599195144973082e-01
2.807615230460921651e+00 -8.254258859787171332e-01
2.813627254509018183e+00 -1.068864248373005754e+00
2.819639278557114270e+00 -1.220236517679055055e+00
2.825651302605210358e+00 -1.263102477314249406e+00
2.831663326653306445e+00 -1.201724297558736776e+00
2.837675350701402976e+00 -1.061672777852804783e+00
2.843687374749499064e+00 -8.861035954647191737e-01
2.849699398797595151e+00 -7.260244414565821813e-01
2.855711422845691239e+00 -6.260214775801397069e-01
2.861723446893787326e+00 -6.103867369618898309e-01
2.867735470941883857e+00 -6.758873988593792070e-01
2.873747494989979945e+00 -7.951658094076684558e-01
2.879759519038076032e+00 -9.297324772557927774e-01
2.885771543086172120e+00 -1.046377935985139285e+00
2.891783567134268651e+00 -1.128659511902845081e+00
2.897795591182364738e+00 -1.177542836798499026e+00
2.903807615230460826e+00 -1.201333900883735151e+00
2.909819639278556913e+00 -1.201495831444835849e+00
2.915831663326653445e+00 -1.164008697721806262e+00
2.921843687374749532e+00 -1.063422579079665198e+00
2.927855711422845619e+00 -8.795462993097448168e-01
2.933867735470941707e+00 -6.185192815553486323e-01
2.939879759519038238e+00 -3.255258700487442258e-01
2.945891783567134325e+00 -7.872649897740024993e-02
2.951903807615230413e+00 3.730509884827328676e-02
2.957915831663326500e+00 -3.074825671084117917e-02
2.963927855711423032e+00 -2.732745969259460228e-01
2.969939879759519119e+00 -6.089555658289640405e-01
2.975951903807615206e+00 -9.068622735657647649e-01
2.981963927855711294e+00 -1.033445026445264814e+00
2.987975951903807381e+00 -9.060023079951494696e-01
2.993987975951903913e+00 -5.295608656267570824e-01
3.000000000000000000e+00 -1.900936563369522790e-14
